
0.000000        0.500000
0.100000        0.232581
0.200000        0.148232
0.300000        0.092453
0.400000        0.050760
0.500000        0.017638
0.600000        -0.009686
0.700000        -0.032820
0.800000        -0.052786
0.900000        -0.070278
1.000000        -0.085786
1.100000        0.134111
1.200000        0.130898
1.300000        0.126283
1.400000        0.120719
1.500000        0.114559
1.600000        0.108067
1.700000        0.101445
1.800000        0.094841
1.900000        0.088362
2.000000        0.082085